
1 32 4e-07

1 64 4e-07

1 128 4e-07

1 256 1e-06

1 512 1.8e-06

1 1024 7.7e-06

1 2048 1.09e-05

1 4096 1.87e-05

1 8192 3.38e-05

1 16384 5.67e-05

1 32 2e-07

1 64 3e-07

1 128 8e-07

1 256 8e-07

1 512 1.6e-06

1 1024 3.6e-06

1 2048 6.9e-06

1 4096 1.35e-05

1 8192 2.68e-05

1 16384 4.7e-05

1 32 1e-07

1 64 2e-07

1 128 4e-07

1 256 7e-07

1 512 1.3e-06

1 1024 3e-06

1 2048 6e-06

1 4096 1.2e-05

1 8192 2.73e-05

1 16384 5.79e-05

1 32 1e-07

1 64 3e-07

1 128 4e-07

1 256 8e-07

1 512 1.2e-06

1 1024 4.7e-06

1 2048 7.4e-06

1 4096 1.36e-05

1 8192 3e-05

1 16384 4.66e-05

1 32 1e-07

1 64 3e-07

1 128 5e-07

1 256 8e-07

1 512 1.3e-06

1 1024 3.2e-06

1 2048 5.9e-06

1 4096 1.16e-05

1 8192 2.37e-05

1 16384 6.06e-05

1 32 1e-07

1 64 2e-07

1 128 4e-07

1 256 7e-07

1 512 1.4e-06

1 1024 3e-06

1 2048 5.9e-06

1 4096 1.72e-05

1 8192 3.97e-05

1 16384 0.0001408

1 32 3e-07

1 64 4e-07

1 128 8e-07

1 256 1.4e-06

1 512 2.6e-06

1 1024 5.8e-06

1 2048 1.15e-05

1 4096 2.25e-05

1 8192 6.28e-05

1 16384 9.69e-05

1 32 3e-07

1 64 4e-07

1 128 8e-07

1 256 1.3e-06

1 512 2.6e-06

1 1024 5.8e-06

1 2048 1.16e-05

1 4096 2.26e-05

1 8192 4.64e-05

1 16384 0.0001062

1 32 3e-07

1 64 4e-07

1 128 8e-07

1 256 1.4e-06

1 512 2.6e-06

1 1024 6e-06

1 2048 1.42e-05

1 4096 2.48e-05

1 8192 4.44e-05

1 16384 8.4e-05

1 32 2e-07

1 64 4e-07

1 128 9e-07

1 256 1.4e-06

1 512 2.6e-06

1 1024 5.8e-06

1 2048 1.1e-05

1 4096 1.94e-05

1 8192 3.95e-05

1 16384 8.19e-05
